127230
365
364
363
362
361
360
370
369
368
367
366
333
334
335
336
337
338
339
294
295
296
297
298
299
300
273
274
275
276
277
278
279
224
223
233
234
235
236
237
238
239
240
241
217
218
219
220
221
222
191
184
192
183
182
181
180
179
178
177
159
158
157
156
155
154
153
151
152
143
150
142
141
140
139
138
137
136
135
134
162
163
164
165
167
166
169
170
168
171
172
174
173
204
203
202
201
200
199
198
197
196
195
194
193
190
185
145
148
147
146
144
108
109
112
111
110
74
73
63
29
27
26
28
30
31
32
62
61
60
59
77
78
86
87
76
75
58
57
79
80
81
82
56
55
54
53
51
50
48
47
49
46
45
43
41
40
11
10
9
8
7
6
5
4
3
2
52
1
44
42
39
38
37
36
35
34
33
17
16
15
14
13
12
64
25
23
24
22
21
66
67
68
69
70
71
89
88
72
90
91
104
105
106
107
113
114
103
115
117
120
121
119
118
116
122
123
125
126
124
127
129
130
131
132
133
128
99
98
97
96
95
100
101
94
93
92
102
65
20
19
18
160
161
175
176
205
206
207
208
209
251
250
210
211
212
213
214
215
216
242
243
244
245
246
247
248
249
252
253
255
254
316
315
314
313
312
311
310
309
308
307
264
263
262
261
260
259
258
257
256
318
317
319
320
321
322
323
324
325
326
327
328
329
331
330
303
302
304
305
306
267
266
265
268
269
270
271
272
301
332
378
385
386
387
388
401
400
416
415
419
420
421
414
389
390
380
379
377
376
345
346
348
349
347
350
351
353
354
352
355
356
358
359
357
292
293
291
290
289
288
287
286
285
280
232
231
225
188
189
187
230
281
282
229
228
283
284
344
343
342
341
373
372
371
383
382
384
394
395
393
398
397
396
399
392
391
381
375
374
340
226
227
186
149
83
84
85
0
435
436
437
438
434
403
408
409
411
410
425
424
426
427
430
422
423
412
413
407
406
433
432
431
429
428
418
417
405
404
402
