115549
187
282
281
230
340
374
375
381
391
392
399
398
396
397
393
395
394
384
382
383
372
371
373
341
342
343
344
284
283
228
229
227
226
186
149
83
84
85
0
435
436
437
438
434
403
408
409
411
410
425
426
424
427
430
433
432
422
423
412
413
407
406
414
421
420
419
431
429
428
418
417
405
404
402
332
303
302
301
272
271
270
269
268
267
266
265
306
305
304
330
331
329
328
327
326
325
324
323
322
321
320
319
318
317
314
313
312
311
310
309
308
307
264
263
262
261
260
259
258
257
256
315
316
254
255
252
253
249
248
247
246
245
244
243
242
216
215
214
213
212
211
210
250
251
209
208
207
206
205
203
202
201
200
199
198
197
196
195
194
193
184
192
183
182
181
180
179
178
177
159
158
157
156
155
154
153
151
150
143
152
142
141
140
139
138
160
161
175
176
204
174
173
172
171
170
168
169
166
167
165
164
163
162
134
135
136
137
124
126
127
129
130
131
132
133
128
99
98
97
96
95
100
101
125
123
122
121
119
118
116
120
117
115
103
114
113
107
106
105
104
102
92
93
94
18
19
20
68
69
70
91
90
71
89
88
72
65
66
67
22
21
24
23
25
64
26
27
28
29
30
31
32
17
16
15
14
13
12
33
34
35
36
37
38
39
42
44
45
43
41
40
11
10
9
8
7
6
5
4
1
3
2
46
49
47
48
50
52
51
53
54
55
56
82
81
80
79
57
58
78
86
87
77
59
60
61
76
75
62
63
73
74
110
111
112
109
108
144
146
147
148
145
185
190
191
222
221
220
219
218
217
241
240
239
238
237
236
235
234
233
223
224
279
278
277
276
275
274
273
300
299
298
297
296
295
294
339
338
337
336
335
334
333
365
364
363
362
361
360
370
369
368
366
367
378
385
386
387
388
401
400
416
415
389
390
380
379
377
376
345
346
348
347
349
350
351
353
352
354
355
356
358
357
359
293
292
291
290
289
288
287
286
285
280
232
231
225
189
188
